[6928.543916227054]
[6894.004840677988]
[6923.19429403304]
[6905.4145184407935]
[6884.28941897039]
[6916.082682435843]
[6920.852919435596]
[6952.433455180395]
[6920.6128074681055]
[6947.158600600427]
[6887.210289522805]
[6940.257668918951]
[6931.279506549342]
[6927.580324434907]
[6906.254204489975]
[6948.736456792341]
[6940.853919095069]
[6954.238013401134]
[6893.133061595869]
[6918.574088474306]
[6941.791659016467]
[6949.813848024842]
[6956.9649642826225]
[6919.072763914462]
[6946.309293389704]
[6927.0821433066785]
[6938.450954301834]
[6931.51555301314]
[6936.304988625993]
[6907.933253641955]
[6958.662519306783]
[6925.018864283061]
[6939.260224949237]
[6878.954796952853]
[6914.533760067822]
[6933.964455356056]
[6920.840014406428]
[6928.618725484863]
[6921.938198897993]
[6913.075093071659]
[6886.861946213607]
[6929.939311825902]
[6901.311068410961]
[6958.985410866802]
[6942.013436096528]
[6873.661226428889]
[6926.471182733416]
[6972.126053998085]
[6945.803580419933]
[6884.731416850269]
[6889.317881786167]
[6962.341188483481]
[6899.543996763262]
[6949.89785095121]
[6923.0880139463015]
[6985.005643464285]
[6921.517116852596]
[6930.175971548071]
[6879.889577973813]
[6921.53284064249]
[6931.902441768344]
[6910.389562146275]
[6945.283800667654]
[6928.924342344584]
[6919.076796961693]
[6916.852854245661]
[6932.401282842385]
[6931.113102755628]
[6959.149001845071]
[6887.897130520963]
[6923.96527203375]
[6929.010619478923]
[6954.13386941363]
[6956.8232170101]
[6908.779416399768]
[6915.265254270741]
[6935.155516989423]
[6930.064638468346]
[6950.135895622336]
[6953.095625294964]
[6935.205867993649]
[6912.23609021579]
[6928.317524198406]
[6950.515106670678]
[6926.460523961167]
[6947.289643266246]
[6958.614331152619]
[6916.369280245652]
[6951.241727276576]
[6939.841916428457]
[6915.095641222075]
[6941.396467418927]
[6911.886464446935]
[6930.223229158954]
[6928.81748260497]
[6945.508377964677]
[6934.890871724825]
[6961.70412851621]
[6961.700059946841]
[6894.5847826771305]
[6898.66935323482]
[6926.566201276946]
[6920.916049483265]
[6918.280115466825]
[6965.374320567924]
[6897.965760976588]
[6941.959442640555]
[6955.468111210915]
[6903.549483057637]
[6937.662255363242]
[6916.940083440853]
[6960.722718489202]
[6949.99118748472]
[6942.585783963521]
[6930.555091004373]
[6951.209733068308]
[6911.187352934836]
[6930.241318288992]
[6923.196282306278]
[6963.982427446833]
